0.000000
0.000053
0.000110
0.000128
0.000080
0.000045
0.000243
0.000499
0.000792
0.001102
0.001413
0.001713
0.001996
0.002257
0.002498
0.002718
0.002918
0.003101
0.003268
0.003417
0.003550
0.003667
0.003770
0.003860
0.003938
0.004007
0.004067
0.004122
0.004173
0.004221
0.004269
0.004316
0.004363
0.004412
0.004463
0.004517
0.004573
0.004631
0.004691
0.004751
0.004812
0.004873
0.004933
0.004993
0.005051
0.005109
0.005165
0.005219
0.005270
0.005320
0.005369
0.005417
0.005463
0.005509
0.005554
0.005599
0.005643
0.005686
0.005730
0.005773
0.005817
0.005861
0.005905
0.005949
0.005993
0.006038
0.006083
0.006130
0.006177
0.006226
0.006275
0.006325
0.006375
0.006427
0.006480
0.006534
0.006589
0.006646
0.006705
0.006765
0.006826
0.006889
0.006954
0.007022
0.007090
0.007160
0.007230
0.007299
0.007369
0.007436
0.007502
0.007563
0.007621
0.007672
0.007717
0.007752
0.007777
0.007790
0.007790
0.007777
0.007751
0.007713
0.007667
0.007622
0.007586
0.007573
0.007598
0.007678
0.007830
0.008065
0.008384
0.008774
0.009206
0.009630
0.009981
0.010185
0.010171
0.009884
0.009300
0.008433
0.007330
0.006072
0.004752
0.003469
0.002312
0.001354
0.000645
0.000211
0.000000
