0.000000
0.000008
0.000015
0.000020
0.000021
0.000018
0.000009
0.000005
0.000026
0.000052
0.000084
0.000122
0.000164
0.000210
0.000260
0.000312
0.000366
0.000422
0.000478
0.000534
0.000589
0.000645
0.000699
0.000752
0.000804
0.000855
0.000905
0.000954
0.001001
0.001047
0.001092
0.001135
0.001177
0.001217
0.001257
0.001296
0.001333
0.001369
0.001403
0.001435
0.001466
0.001495
0.001523
0.001549
0.001573
0.001596
0.001618
0.001638
0.001656
0.001674
0.001690
0.001705
0.001720
0.001733
0.001745
0.001756
0.001767
0.001777
0.001787
0.001795
0.001804
0.001812
0.001819
0.001827
0.001833
0.001839
0.001846
0.001852
0.001859
0.001866
0.001873
0.001880
0.001887
0.001894
0.001902
0.001909
0.001916
0.001924
0.001931
0.001939
0.001947
0.001954
0.001962
0.001970
0.001978
0.001986
0.001994
0.002002
0.002011
0.002019
0.002027
0.002036
0.002044
0.002052
0.002060
0.002068
0.002076
0.002083
0.002091
0.002099
0.002107
0.002115
0.002123
0.002132
0.002140
0.002148
0.002156
0.002164
0.002173
0.002181
0.002189
0.002197
0.002205
0.002213
0.002221
0.002229
0.002237
0.002245
0.002253
0.002261
0.002269
0.002277
0.002285
0.002293
0.002300
0.002308
0.002316
0.002323
0.002330
0.002336
0.002343
0.002351
0.002358
0.002365
0.002372
0.002379
0.002386
0.002393
0.002399
0.002406
0.002413
0.002419
0.002426
0.002432
0.002438
0.002445
0.002451
0.002457
0.002463
0.002469
0.002475
0.002481
0.002487
0.002493
0.002499
0.002504
0.002510
0.002516
0.002522
0.002528
0.002534
0.002539
0.002545
0.002552
0.002558
0.002564
0.002571
0.002577
0.002584
0.002590
0.002597
0.002603
0.002609
0.002616
0.002622
0.002628
0.002633
0.002639
0.002645
0.002650
0.002656
0.002661
0.002666
0.002671
0.002676
0.002681
0.002686
0.002691
0.002696
0.002701
0.002707
0.002712
0.002718
0.002723
0.002730
0.002737
0.002744
0.002752
0.002760
0.002769
0.002779
0.002789
0.002801
0.002814
0.002827
0.002843
0.002860
0.002879
0.002900
0.002923
0.002950
0.002979
0.003012
0.003048
0.003087
0.003130
0.003177
0.003227
0.003279
0.003334
0.003389
0.003444
0.003498
0.003547
0.003590
0.003625
0.003649
0.003660
0.003656
0.003633
0.003592
0.003528
0.003443
0.003335
0.003205
0.003054
0.002884
0.002697
0.002497
0.002286
0.002070
0.001852
0.001636
0.001425
0.001223
0.001033
0.000857
0.000698
0.000556
0.000433
0.000329
0.000243
0.000175
0.000124
0.000088
0.000066
0.000000
