0.000000
0.000000
0.000017
0.000041
0.000066
0.000088
0.000106
0.000121
0.000135
0.000149
0.000165
0.000184
0.000205
0.000231
0.000259
0.000289
0.000321
0.000354
0.000388
0.000422
0.000453
0.000483
0.000510
0.000534
0.000556
0.000574
0.000590
0.000602
0.000611
0.000617
0.000620
0.000621
0.000618
0.000614
0.000610
0.000605
0.000600
0.000594
0.000589
0.000584
0.000579
0.000575
0.000572
0.000569
0.000568
0.000567
0.000568
0.000569
0.000570
0.000571
0.000574
0.000578
0.000583
0.000587
0.000592
0.000598
0.000603
0.000608
0.000613
0.000618
0.000623
0.000628
0.000632
0.000635
0.000637
0.000638
0.000640
0.000641
0.000641
0.000641
0.000640
0.000638
0.000635
0.000632
0.000628
0.000622
0.000617
0.000610
0.000603
0.000595
0.000586
0.000577
0.000568
0.000558
0.000548
0.000537
0.000525
0.000513
0.000500
0.000487
0.000473
0.000461
0.000449
0.000440
0.000433
0.000432
0.000435
0.000445
0.000465
0.000494
0.000533
0.000584
0.000647
0.000722
0.000806
0.000898
0.000994
0.001088
0.001172
0.001236
0.001269
0.001260
0.001197
0.001074
0.000891
0.000657
0.000386
0.000104
0.000160
0.000378
0.000526
0.000590
0.000572
0.000485
0.000352
0.000203
0.000069
0.000025
0.000000
